
Elapsed time to fill the matrix A with random numbers: 1 us

Elapsed time to fill the matrix B with random numbers: 1 us

Elapsed time to fill the matrix C with 0: 1 us

Elapsed time to process the multiplicaction: 2 us

Matrix: A 10x5

49 24 25 61 29 
56 47 21 67 10 
51 44 31 92 67 
64 11 18 41 79 
39 25 88 92 69 
57 32 74 57 39 
62 6 63 87 20 
45 95 67 18 62 
29 70 7 61 14 
26 77 26 44 18 


Matrix: B 5x10

57 35 95 97 27 64 55 11 91 64 
2 53 23 18 93 43 63 40 62 81 
3 92 3 62 5 18 88 82 96 32 
52 53 67 47 3 94 63 10 57 54 
74 59 60 97 77 53 40 40 45 3 


Matrix: C 10x10

8234 10231 11109 12415 6096 11889 11410 5319 13129 9261 
7573 10524 11553 11699 6959 12811 12510 5288 14295 11711 
12830 15798 16134 18484 11059 17913 16781 8463 18604 12989 
11702 11313 13874 17112 9047 12934 11540 6190 14126 8014 
12427 19733 14848 20706 9407 17460 20020 12325 21896 12512 
9385 15821 12532 17155 8059 13781 16814 10105 19279 11803 
9739 14075 13246 16057 4348 14598 15613 7758 17921 11228 
8480 17386 11587 17089 15213 13149 17970 12449 20233 13877 
6022 9428 9313 8732 8589 11468 11024 4863 11758 11086 
5334 10777 8347 9334 9511 10533 12061 6658 12954 11163 


Elapsed time to print the matrixs: 10 us

TOTAL TIME: 14 us
